Some((
    red: 0.06319723,
    green: 0.07105752,
    blue: 0.086778104,
    alpha: 1.0,
))