Some((
    red: 0.9411765,
    green: 0.9411765,
    blue: 0.9411765,
))